ARC_ERR=6.6902
IMG_X=1392
IMG_Y=1040
ARC_PER_PIX=15.7527
DEG_X=6.0774
DEG_Y=4.54468
MIN_BRIGHT=0.000630957
NOISE_MAG=0.000251189
